== Client Original ==
Composite
546.7572995800161
545.1948980387884
547.3645893922813
547.632137287934
547.0414773808044
547.3396511150988
546.8435854259922
FFT
435.40704486510066
433.4594368625345
438.5820067479328
438.5820067479328
438.4717628497793
438.2514149851803
438.1413372015252
SOR
636.1686959695952
630.7545388792774
634.9110225717133
637.0099501239683
634.9110724480201
635.3297107969604
634.4929356325902
Monte
98.90768508495212
99.42053750342937
99.38373138255183
98.94413938431623
98.79847451094128
98.87125763763834
98.94413938431623
Sparse
626.5391946557768
626.5391946557768
626.5391946557768
626.5392660604618
625.9407529722905
626.8388805522828
626.8388090792893
LU
936.763877324656
935.8007822929237
937.4069916034321
937.0853241229906
937.0853241229906
937.4069916034321
935.8007058322397
== Client MLVM ==
Composite
525.6385964499602
526.2793172346107
525.9567043452131
526.0861502909687
526.0607921220529
526.1228776778264
524.2606021699384
525.5664177901583
FFT
458.889919950984
461.3172643871236
458.6486069543095
459.7366054858369
459.13151582405624
461.4393262438849
460.7080385232129
458.4075188956627
SOR
635.5392370664161
635.1202727271423
637.0099501239683
635.5392370664161
635.7489015813838
635.5392370664161
635.1202727271423
637.2205862995592
Monte
58.71291654247506
58.61036254838773
58.508160111401125
59.23112360080986
58.508160111401125
58.584781528159304
58.63596591825857
57.977418869332816
Sparse
633.8104209067723
633.8104209067723
634.1170316646841
634.4240124300785
634.1170316646841
633.8104939784316
633.8104939784316
633.5041065128372
LU
841.2404877831535
842.5382656036282
841.4997728717019
841.4997728717019
842.7983514287391
841.2405495722396
833.0282397026464
840.7224583734001
== Server Original ==
Composite
898.8893272318012
888.3780704947079
888.1794871710654
903.3251205491064
901.6795319827921
890.2264469670292
890.10086434542
902.6446821009906
FFT
612.2290817875787
614.3855752740163
615.6867892889344
617.4303567311485
615.035494046392
620.2847146234405
617.211786323191
620.0641715734354
SOR
904.6736640696316
902.555042907464
909.7993296671991
909.7993296671991
909.7993296671991
909.7993296671991
909.3699053081638
909.3700076256177
Monte
345.5879578724666
345.5879843914859
345.4767728964486
345.5879843914859
345.6992409730622
345.5879843914859
345.5879578724666
345.4767728964486
Sparse
741.5672172996259
741.1478778123972
741.5671672845203
741.5671672845203
741.5672172996259
741.5671672845203
741.3574632640865
741.3574632640865
LU
1890.3887151297029
1838.2138720881762
1828.3673767182247
1902.240764671178
1896.2963779276813
1833.8930388685005
1836.977208959192
1896.9549951453646
== Server MLVM ==
Composite
827.7251324588227
802.4855612280923
827.1859908267827
825.8177380349082
828.7428805047581
829.0316756903485
826.9434824717998
801.7242748930345
FFT
585.9054891224474
587.484244081739
585.5121604537555
585.5121135934088
589.0714826829329
590.0678576126994
590.0679052051038
586.8912208222665
SOR
903.8250635940675
909.3700076256177
908.084367131182
909.7993296671991
909.7993296671991
909.3700076256177
909.7993296671991
909.3700076256177
Monte
25.34322656784805
25.381566809560546
25.257381393324245
25.247879681198658
25.391169430053875
25.181562836998268
25.247879681198658
25.11559345978703
Sparse
739.6839916222508
738.6418657889494
739.6839916222508
738.8500361128876
739.4753511670439
739.2667786745407
738.6418657889494
739.0583734838204
LU
1883.8678913874999
1751.5501218345944
1877.3920535334005
1869.6793311198467
1879.9770695765603
1881.2721717018865
1870.9604320165477
1748.1861790736805
